0 0.19947916666666668 0.43657407407407406 0.00625 0.010185185185185186
2 0.6686458333333333 0.2777777777777778 0.010630208333333334 0.03888888888888889
2 0.6927083333333334 0.30185185185185187 0.009375 0.037037037037037035
2 0.6263020833333334 0.3101851851851852 0.008854166666666666 0.040740740740740744
2 0.7044270833333334 0.30925925925925923 0.008854166666666666 0.040740740740740744
3 0.5010416666666667 0.3638888888888889 0.009375 0.04814814814814815
2 0.49375 0.3851851851851852 0.008333333333333333 0.05
3 0.34817708333333336 0.24953703703703703 0.0067708333333333336 0.03425925925925926
2 0.7364583333333333 0.36203703703703705 0.011458333333333333 0.05
2 0.80546875 0.43148148148148147 0.0140625 0.05185185185185185
1 0.13020833333333334 0.3712962962962963 0.013541666666666667 0.044444444444444446
2 0.6489583333333333 0.37824074074074077 0.011458333333333333 0.05092592592592592
2 0.3885416666666667 0.29212962962962963 0.009375 0.03981481481481482
2 0.6973958333333333 0.4736111111111111 0.011458333333333333 0.05462962962962963
2 0.7260416666666667 0.3685185185185185 0.0125 0.05
2 0.77578125 0.40925925925925927 0.0109375 0.05740740740740741
2 0.8114583333333333 0.711574074074074 0.01875 0.07685185185185185
2 0.5200520833333333 0.48055555555555557 0.015104166666666667 0.05740740740740741
2 0.42161458333333335 0.3476851851851852 0.0140625 0.04722222222222222
2 0.21354166666666666 0.4300925925925926 0.016666666666666666 0.05462962962962963
2 0.7578125 0.5 0.017708333333333333 0.06481481481481481
2 0.83203125 0.6273148148148148 0.013020833333333334 0.06944444444444445
3 0.9181510416666666 0.8093240740740741 0.031411458333333336 0.09458333333333334
2 0.4720989583333333 0.6310462962962963 0.017265625 0.07875925925925926
2 0.37135416666666665 0.3736111111111111 0.011458333333333333 0.049074074074074076