3 0.16727604166666668 0.25050925925925926 0.013229166666666665 0.04175925925925926
0 0.77109375 0.5569444444444445 0.0067708333333333336 0.010185185185185186
2 0.7352708333333333 0.3244722222222222 0.011375 0.04901851851851852
2 0.7955729166666666 0.36203703703703705 0.0140625 0.05185185185185185
2 0.5337968750000001 0.36898148148148147 0.018635416666666668 0.05092592592592592
2 0.5096822916666667 0.25415740740740744 0.012864583333333334 0.03609259259259259
2 0.8276041666666667 0.4041666666666667 0.021875 0.06388888888888888
2 0.5559895833333334 0.30416666666666664 0.0109375 0.04537037037037037
2 0.20807291666666666 0.3814814814814815 0.011979166666666667 0.053703703703703705
2 0.568796875 0.7277777777777777 0.029260416666666667 0.07407407407407407
2 0.3255208333333333 0.3675925925925926 0.013541666666666667 0.05185185185185185
3 0.7907708333333333 0.40641666666666665 0.021130208333333334 0.05542592592592593
1 0.89453125 0.3819444444444444 0.016145833333333335 0.05648148148148148
2 0.40651041666666665 0.3023148148148148 0.0140625 0.04537037037037037
2 0.7375 0.4417407407407407 0.016671875 0.05170370370370371
2 0.7974374999999999 0.5324074074074074 0.019869791666666668 0.06481481481481481
2 0.67265625 0.40324074074074073 0.013020833333333334 0.05092592592592592
2 0.17890625 0.5282407407407408 0.016145833333333335 0.06574074074074074
2 0.20859375 0.5541666666666667 0.024479166666666666 0.0712962962962963
2 0.42083333333333334 0.6435185185185185 0.020833333333333332 0.07037037037037037
2 0.25078125 0.6037037037037037 0.022395833333333334 0.07592592592592592
2 0.5390625 0.49444444444444446 0.025 0.06296296296296296
2 0.4453125 0.4828703703703704 0.011458333333333333 0.06759259259259259
2 0.7347239583333334 0.34491666666666665 0.015427083333333334 0.048157407407407406