3 0.21740625 0.23905555555555555 0.010739583333333334 0.040629629629629634
3 0.6372291666666666 0.4196018518518519 0.014255208333333333 0.04936111111111111
2 0.71140625 0.33323148148148146 0.013838541666666667 0.050861111111111114
2 0.31484375 0.4462962962962963 0.0171875 0.05555555555555555
2 0.7145833333333333 0.3490740740740741 0.017708333333333333 0.04814814814814815
0 0.5640625 0.5944444444444444 0.007291666666666667 0.011111111111111112
2 0.536953125 0.2479074074074074 0.011244791666666667 0.03896296296296296
2 0.6158854166666666 0.5643518518518519 0.030729166666666665 0.06944444444444445
2 0.41875 0.425 0.017708333333333333 0.06111111111111111
2 0.6440625 0.43933333333333335 0.017708333333333333 0.058333333333333334
2 0.78125 0.37037037037037035 0.009375 0.05555555555555555
2 0.24401041666666667 0.44166666666666665 0.016145833333333335 0.05555555555555555
2 0.55 0.32407407407407407 0.0125 0.05
2 0.3880208333333333 0.787962962962963 0.023958333333333335 0.08518518518518518
2 0.16640625 0.5699074074074074 0.0203125 0.0712962962962963
2 0.8765625 0.4513888888888889 0.0125 0.062037037037037036
2 0.3614583333333333 0.3148148148148148 0.014583333333333334 0.046296296296296294
2 0.23541666666666666 0.7018518518518518 0.019791666666666666 0.07777777777777778
2 0.15520833333333334 0.6481481481481481 0.015625 0.07962962962962963
2 0.43411458333333336 0.4638888888888889 0.0234375 0.05555555555555555
2 0.3893229166666667 0.5143518518518518 0.0203125 0.06388888888888888
2 0.6026041666666667 0.5726851851851852 0.029166666666666667 0.0712962962962963
2 0.23723958333333334 0.6166666666666667 0.025520833333333333 0.07592592592592592