2 0.6496458333333333 0.30026851851851855 0.012171875 0.04206481481481481
3 0.366046875 0.26069444444444445 0.010635416666666668 0.036166666666666666
2 0.6791666666666667 0.2814814814814815 0.0125 0.03518518518518519
2 0.5697916666666667 0.2949074074074074 0.013541666666666667 0.03425925925925926
3 0.5984427083333334 0.34938888888888886 0.01371875 0.045064814814814814
2 0.6466145833333333 0.33611111111111114 0.009895833333333333 0.040740740740740744
2 0.6030520833333333 0.2956759259259259 0.011463541666666667 0.04212037037037037
2 0.7880208333333333 0.37824074074074077 0.010416666666666666 0.04722222222222222
2 0.45260416666666664 0.3439814814814815 0.010416666666666666 0.041666666666666664
2 0.74140625 0.3453703703703704 0.013020833333333334 0.046296296296296294
1 0.09819270833333334 0.3627962962962963 0.010911458333333334 0.04781481481481482
2 0.46041666666666664 0.32685185185185184 0.009375 0.03888888888888889
2 0.5678802083333333 0.4307314814814815 0.017796875 0.05277777777777778
2 0.34479166666666666 0.29814814814814816 0.0125 0.04259259259259259
2 0.7244791666666667 0.3527777777777778 0.011458333333333333 0.05
2 0.8401041666666667 0.39490740740740743 0.013541666666666667 0.04537037037037037
2 0.7302083333333333 0.4263888888888889 0.009375 0.04722222222222222
2 0.3299479166666667 0.32083333333333336 0.008854166666666666 0.041666666666666664
2 0.798390625 0.648212962962963 0.017552083333333336 0.07032407407407408
2 0.28072916666666664 0.4027777777777778 0.009375 0.05
2 0.8052083333333333 0.45925925925925926 0.011458333333333333 0.05925925925925926
2 0.8096354166666667 0.5694444444444444 0.016145833333333335 0.06111111111111111
2 0.43645833333333334 0.5472222222222223 0.014583333333333334 0.06481481481481481
0 0.23860416666666667 0.34378703703703706 0.006213541666666667 0.010092592592592592