3 0.53515625 0.21342592592592594 0.0109375 0.03981481481481482
2 0.43873958333333335 0.33787962962962964 0.010302083333333333 0.052833333333333336
1 0.15416666666666667 0.34675925925925927 0.013541666666666667 0.062037037037037036
2 0.5192708333333333 0.2953703703703704 0.01875 0.044444444444444446
2 0.259375 0.43796296296296294 0.01875 0.07222222222222222
2 0.433984375 0.367 0.02109375 0.05067592592592592
2 0.38385416666666666 0.3662037037037037 0.010416666666666666 0.05462962962962963
2 0.40963541666666664 0.3421296296296296 0.0140625 0.058333333333333334
2 0.3145833333333333 0.43287037037037035 0.016666666666666666 0.06759259259259259
2 0.49375 0.3013888888888889 0.016666666666666666 0.04537037037037037
2 0.60546875 0.3125 0.0171875 0.05462962962962963
2 0.3346354166666667 0.39861111111111114 0.0140625 0.06388888888888888
2 0.2953125 0.425462962962963 0.015625 0.058333333333333334
3 0.575 0.43472222222222223 0.013541666666666667 0.06759259259259259
2 0.5536458333333333 0.31666666666666665 0.01875 0.05185185185185185
2 0.9033854166666667 0.4083333333333333 0.009895833333333333 0.06296296296296296
2 0.6138020833333333 0.3921296296296296 0.0234375 0.058333333333333334
2 0.8325520833333333 0.4027777777777778 0.018229166666666668 0.06666666666666667
2 0.85078125 0.4699074074074074 0.016145833333333335 0.06944444444444445
2 0.428125 0.45231481481481484 0.016666666666666666 0.062037037037037036
2 0.9020833333333333 0.5203703703703704 0.017708333333333333 0.07777777777777778
2 0.31484375 0.4181944444444444 0.022880208333333332 0.060564814814814814
0 0.6038489583333334 0.4014814814814815 0.006093749999999999 0.012814814814814815