2 0.61171875 0.29353703703703704 0.011000000000000001 0.031518518518518515
2 0.23880208333333333 0.350462962962963 0.011979166666666667 0.032407407407407406
2 0.6158854166666666 0.35 0.008854166666666666 0.03518518518518519
1 0.8302083333333333 0.35376851851851854 0.013541666666666667 0.04701851851851852
2 0.723234375 0.3551574074074074 0.011052083333333332 0.038092592592592595
2 0.9177083333333333 0.4847222222222222 0.0125 0.049074074074074076
2 0.5458333333333333 0.3162037037037037 0.011458333333333333 0.03425925925925926
2 0.63125 0.39351851851851855 0.017708333333333333 0.044444444444444446
2 0.2515625 0.38657407407407407 0.015625 0.03425925925925926
2 0.37604166666666666 0.43148148148148147 0.010416666666666666 0.046296296296296294
2 0.3671875 0.3055555555555556 0.008333333333333333 0.03333333333333333
2 0.3307291666666667 0.37962962962962965 0.011458333333333333 0.044444444444444446
2 0.17994791666666668 0.45740740740740743 0.0140625 0.046296296296296294
3 0.43723958333333335 0.4287037037037037 0.009895833333333333 0.05
2 0.58515625 0.4041666666666667 0.013020833333333334 0.03981481481481482
2 0.77109375 0.5120370370370371 0.015104166666666667 0.046296296296296294
2 0.278125 0.5166666666666667 0.017708333333333333 0.05555555555555555
2 0.21822916666666667 0.6287037037037037 0.020833333333333332 0.05925925925925926
2 0.36796875 0.6523148148148148 0.016145833333333335 0.06759259259259259
2 0.13411458333333334 0.5898148148148148 0.015104166666666667 0.06666666666666667
2 0.75546875 0.687037037037037 0.025520833333333333 0.06851851851851852
2 0.11380208333333333 0.6027777777777777 0.021354166666666667 0.06666666666666667
3 0.152140625 0.29444444444444445 0.009177083333333334 0.031629629629629626