2 0.23468750000000002 0.42188888888888887 0.01634375 0.05092592592592592
2 0.5364583333333334 0.35833333333333334 0.008333333333333333 0.040740740740740744
2 0.3779635416666667 0.29869444444444443 0.014807291666666667 0.02790740740740741
2 0.4453125 0.33055555555555555 0.007291666666666667 0.037037037037037035
2 0.4401041666666667 0.33564814814814814 0.0125 0.03981481481481482
2 0.24192708333333332 0.4337962962962963 0.018229166666666668 0.04722222222222222
2 0.734375 0.3939814814814815 0.008333333333333333 0.04537037037037037
2 0.5182291666666666 0.33194444444444443 0.009375 0.041666666666666664
2 0.5276041666666667 0.4111111111111111 0.010416666666666666 0.044444444444444446
2 0.6950520833333333 0.34629629629629627 0.008854166666666666 0.040740740740740744
3 0.5427083333333333 0.4115740740740741 0.019791666666666666 0.04351851851851852
2 0.6528645833333333 0.5398148148148149 0.008854166666666666 0.053703703703703705
2 0.36432291666666666 0.375 0.0109375 0.040740740740740744
2 0.7229166666666667 0.42314814814814816 0.014583333333333334 0.044444444444444446
2 0.25625 0.6388888888888888 0.023958333333333335 0.06296296296296296
2 0.5375 0.7199074074074074 0.022916666666666665 0.0712962962962963
2 0.4119791666666667 0.3194444444444444 0.014583333333333334 0.03148148148148148
2 0.27786458333333336 0.3625 0.0109375 0.04537037037037037
2 0.6026041666666667 0.3685185185185185 0.009375 0.046296296296296294
2 0.8046875 0.5074074074074074 0.013541666666666667 0.05555555555555555
2 0.20598958333333334 0.5583333333333333 0.0140625 0.05740740740740741
3 0.32929166666666665 0.2740185185185185 0.014593749999999999 0.03639814814814815