2 0.6166666666666667 0.3587962962962963 0.010416666666666666 0.049074074074074076
2 0.6083333333333333 0.36342592592592593 0.008333333333333333 0.041666666666666664
2 0.539953125 0.2816111111111111 0.011765625 0.03360185185185185
3 0.9911458333333333 0.8759259259259259 0.017708333333333333 0.09259259259259259
2 0.36223958333333334 0.37824074074074077 0.009895833333333333 0.04722222222222222
2 0.530140625 0.2841388888888889 0.008463541666666666 0.03302777777777778
2 0.7104166666666667 0.30462962962962964 0.008333333333333333 0.040740740740740744
2 0.38359375 0.2916666666666667 0.008854166666666666 0.03518518518518519
2 0.7010416666666667 0.3365740740740741 0.008333333333333333 0.04537037037037037
2 0.5076145833333333 0.3881851851851852 0.019234375 0.046740740740740735
2 0.3927083333333333 0.2828703703703704 0.007291666666666667 0.03611111111111111
2 0.36432291666666666 0.3347222222222222 0.0109375 0.04537037037037037
2 0.6682291666666667 0.36064814814814816 0.008333333333333333 0.041666666666666664
2 0.8239583333333333 0.4083333333333333 0.010416666666666666 0.05
2 0.559375 0.34814814814814815 0.013541666666666667 0.044444444444444446
2 0.41822916666666665 0.375 0.011458333333333333 0.046296296296296294
2 0.30494791666666665 0.5106481481481482 0.015104166666666667 0.05648148148148148
3 0.46484895833333334 0.4101851851851852 0.01303125 0.05
2 0.7060208333333333 0.5170833333333333 0.014 0.06936111111111111
2 0.2825520833333333 0.6412037037037037 0.015104166666666667 0.0712962962962963
2 0.5268229166666667 0.49953703703703706 0.013020833333333334 0.058333333333333334
0 0.5408177083333333 0.2901944444444445 0.0044062500000000004 0.008833333333333332
2 0.6157916666666666 0.2816759259259259 0.0116875 0.03503703703703704
1 0.05447916666666666 0.35235185185185186 0.011250000000000001 0.04735185185185185
3 0.42784375 0.22733333333333333 0.011000000000000001 0.027814814814814813