3 0.35494791666666664 0.2861111111111111 0.0067708333333333336 0.025925925925925925
2 0.5135416666666667 0.28935185185185186 0.007291666666666667 0.028703703703703703
1 0.0140625 0.43842592592592594 0.011458333333333333 0.04351851851851852
2 0.415625 0.5236111111111111 0.011458333333333333 0.04351851851851852
2 0.29565104166666667 0.43033333333333335 0.009734375 0.04489814814814815
1 0.9075520833333334 0.4083333333333333 0.0109375 0.044444444444444446
2 0.3614583333333333 0.33796296296296297 0.007291666666666667 0.02962962962962963
2 0.4309895833333333 0.5467592592592593 0.008854166666666666 0.05277777777777778
3 0.42109375 0.5476851851851852 0.0140625 0.05462962962962963
2 0.41901041666666666 0.38101851851851853 0.0067708333333333336 0.03796296296296296
2 0.59765625 0.39351851851851855 0.0078125 0.040740740740740744
2 0.36953125 0.4787037037037037 0.008854166666666666 0.046296296296296294
2 0.27890625 0.44074074074074077 0.0109375 0.044444444444444446
2 0.39739583333333334 0.3541666666666667 0.007291666666666667 0.03796296296296296
2 0.4822916666666667 0.5236111111111111 0.010416666666666666 0.04722222222222222
2 0.5770833333333333 0.45185185185185184 0.007291666666666667 0.04814814814814815
2 0.7002604166666667 0.337037037037037 0.008854166666666666 0.037037037037037035
2 0.42421875 0.6138888888888889 0.015104166666666667 0.05925925925925926
2 0.5674479166666667 0.43842592592592594 0.0109375 0.04537037037037037
2 0.30546875 0.7949074074074074 0.016145833333333335 0.06759259259259259
2 0.7833333333333333 0.5 0.019791666666666666 0.05
2 0.28359375 0.6106481481481482 0.011979166666666667 0.062037037037037036
2 0.3419270833333333 0.5638888888888889 0.011979166666666667 0.05740740740740741
2 0.292265625 0.4096018518518519 0.00940625 0.04449074074074074
0 0.7247604166666667 0.423 0.005442708333333333 0.011194444444444444