2 0.8143072916666667 0.26685185185185184 0.011947916666666667 0.0337037037037037
2 0.8580729166666666 0.34167592592592594 0.014624999999999999 0.04476851851851852
2 0.7244791666666667 0.2388888888888889 0.011458333333333333 0.03518518518518519
2 0.8455729166666667 0.24722222222222223 0.008854166666666666 0.03148148148148148
2 0.8291979166666666 0.3078796296296296 0.009442708333333332 0.04353703703703704
2 0.59234375 0.2718333333333333 0.008895833333333332 0.03810185185185185
2 0.8658281250000001 0.38233333333333336 0.01196875 0.051111111111111114
2 0.7252604166666666 0.31157407407407406 0.008854166666666666 0.03981481481481482
2 0.5838697916666666 0.36017592592592595 0.014119791666666666 0.04997222222222222
2 0.7955729166666666 0.30833333333333335 0.0109375 0.04259259259259259
2 0.5776041666666667 0.2490740740740741 0.0125 0.03333333333333333
2 0.8419270833333333 0.32314814814814813 0.0109375 0.04814814814814815
1 0.14842708333333335 0.32629629629629625 0.009359375 0.04351851851851852
2 0.41292708333333333 0.29674074074074075 0.009088541666666667 0.043472222222222225
3 0.6739583333333333 0.3189814814814815 0.011458333333333333 0.04351851851851852
2 0.65390625 0.29953703703703705 0.008854166666666666 0.041666666666666664
2 0.8169270833333333 0.5046296296296297 0.015104166666666667 0.05555555555555555
2 0.3645833333333333 0.30324074074074076 0.011458333333333333 0.041666666666666664
2 0.7903645833333334 0.35694444444444445 0.011979166666666667 0.04351851851851852
2 0.4153645833333333 0.34953703703703703 0.0140625 0.04537037037037037
2 0.35911458333333335 0.387037037037037 0.0171875 0.05
2 0.5115260416666667 0.5262962962962963 0.019661458333333333 0.06555555555555555
0 0.152859375 0.34528703703703706 0.00475 0.008324074074074074
3 0.384953125 0.22971296296296298 0.01003125 0.02901851851851852