2 0.4075520833333333 0.399537037037037 0.0067708333333333336 0.032407407407407406
2 0.6252604166666667 0.5578703703703703 0.015104166666666667 0.04537037037037037
2 0.46763020833333335 0.46459259259259256 0.007442708333333333 0.04399074074074074
1 0.07109375 0.4777777777777778 0.009895833333333333 0.03888888888888889
3 0.9345989583333334 0.885175925925926 0.023807291666666668 0.07961111111111112
2 0.6393229166666666 0.46111111111111114 0.008854166666666666 0.03888888888888889
2 0.46484375 0.5254629629629629 0.0078125 0.04351851851851852
2 0.36328125 0.44305555555555554 0.0078125 0.03981481481481482
2 0.3203125 0.49583333333333335 0.009375 0.04351851851851852
1 0.9574166666666667 0.4870555555555555 0.014338541666666668 0.04262962962962963
2 0.7424479166666667 0.43796296296296294 0.009895833333333333 0.040740740740740744
3 0.44765625 0.5777777777777777 0.009895833333333333 0.05185185185185185
2 0.30364583333333334 0.6069444444444444 0.0125 0.05648148148148148
2 0.4166666666666667 0.4305555555555556 0.008333333333333333 0.037037037037037035
2 0.5627604166666667 0.6185185185185185 0.011979166666666667 0.05185185185185185
2 0.35234375 0.4787037037037037 0.009895833333333333 0.044444444444444446
2 0.5302083333333333 0.5694444444444444 0.011458333333333333 0.053703703703703705
2 0.39296875 0.5518518518518518 0.011979166666666667 0.04814814814814815
2 0.7651041666666667 0.6967592592592593 0.0125 0.062037037037037036
2 0.3697916666666667 0.7189814814814814 0.017708333333333333 0.062037037037037036
2 0.7411458333333333 0.5976851851851852 0.011458333333333333 0.049074074074074076
2 0.26015625 0.836574074074074 0.015104166666666667 0.06574074074074074
2 0.5161458333333333 0.8439814814814814 0.01875 0.07314814814814814
2 0.5688020833333333 0.35017592592592595 0.008380208333333333 0.03468518518518519
3 0.40839583333333335 0.3390462962962963 0.006583333333333333 0.028027777777777776
0 0.737359375 0.5952037037037038 0.004489583333333333 0.008546296296296297