2 0.5706354166666666 0.21937962962962965 0.009770833333333334 0.03161111111111111
2 0.19786458333333332 0.2849722222222222 0.008302083333333333 0.03921296296296296
1 0.7794270833333333 0.2689814814814815 0.009895833333333333 0.03611111111111111
2 0.5880208333333333 0.2449074074074074 0.007291666666666667 0.03425925925925926
2 0.26145833333333335 0.3106481481481482 0.008333333333333333 0.03981481481481482
2 0.16302083333333334 0.3300925925925926 0.010416666666666666 0.04351851851851852
2 0.22682291666666668 0.30277777777777776 0.008854166666666666 0.03888888888888889
3 0.37552083333333336 0.3902777777777778 0.0125 0.04722222222222222
2 0.5986979166666667 0.3023148148148148 0.008854166666666666 0.03981481481481482
2 0.70078125 0.2935185185185185 0.011979166666666667 0.03888888888888889
2 0.18880208333333334 0.3365740740740741 0.0109375 0.04537037037037037
2 0.309375 0.38101851851851853 0.011458333333333333 0.049074074074074076
2 0.7583333333333333 0.4777777777777778 0.0125 0.05925925925925926
2 0.51796875 0.28194444444444444 0.013020833333333334 0.03611111111111111
2 0.14557291666666666 0.47175925925925927 0.0109375 0.05462962962962963
2 0.4901041666666667 0.28055555555555556 0.014583333333333334 0.03518518518518519
2 0.2825520833333333 0.37453703703703706 0.016145833333333335 0.04722222222222222
2 0.5604166666666667 0.4777777777777778 0.014583333333333334 0.05925925925925926
2 0.22864583333333333 0.575462962962963 0.014583333333333334 0.06388888888888888
2 0.20911458333333333 0.40925925925925927 0.015104166666666667 0.053703703703703705
2 0.20677083333333332 0.7134259259259259 0.03125 0.07314814814814814
3 0.19201041666666668 0.2472777777777778 0.007348958333333333 0.03292592592592593
2 0.20261458333333332 0.2694074074074074 0.0070572916666666674 0.03322222222222222
0 0.7542135416666667 0.2768703703703704 0.004885416666666667 0.009462962962962963