2 0.451890625 0.25675925925925924 0.017119791666666665 0.037592592592592594
2 0.7178489583333333 0.3261759259259259 0.012078125 0.05234259259259259
2 0.6969947916666667 0.34850925925925924 0.014817708333333334 0.04887037037037037
2 0.5223958333333333 0.32731481481481484 0.009375 0.04351851851851852
2 0.6908854166666667 0.26944444444444443 0.0109375 0.03888888888888889
2 0.383796875 0.3535555555555555 0.010526041666666668 0.05525925925925926
2 0.86953125 0.4148148148148148 0.0109375 0.05740740740740741
2 0.4046875 0.26157407407407407 0.015625 0.03981481481481482
2 0.29661458333333335 0.3578703703703704 0.011979166666666667 0.049074074074074076
2 0.6880208333333333 0.3763888888888889 0.019791666666666666 0.05277777777777778
2 0.46640625 0.3611111111111111 0.013020833333333334 0.04814814814814815
2 0.6247395833333333 0.3611111111111111 0.013020833333333334 0.05185185185185185
2 0.5859375 0.3972222222222222 0.013541666666666667 0.053703703703703705
3 0.47708333333333336 0.4027777777777778 0.0125 0.05555555555555555
2 0.7421875 0.350462962962963 0.015625 0.05092592592592592
2 0.5424479166666667 0.41064814814814815 0.016145833333333335 0.05462962962962963
2 0.5898177083333334 0.5395740740740741 0.019223958333333332 0.06987962962962962
2 0.27708333333333335 0.43333333333333335 0.011458333333333333 0.06111111111111111
2 0.28515625 0.7875 0.033854166666666664 0.08425925925925926
2 0.6549479166666666 0.600462962962963 0.0171875 0.08055555555555556
2 0.245578125 0.619574074074074 0.022411458333333335 0.07987962962962962
0 0.5821302083333334 0.41374074074074074 0.005098958333333333 0.009657407407407408
3 0.3540989583333333 0.20804629629629628 0.009229166666666667 0.03727777777777778