2 0.3198489583333333 0.3572037037037037 0.009135416666666667 0.0337037037037037
2 0.4583333333333333 0.2912037037037037 0.010416666666666666 0.03796296296296296
2 0.31614583333333335 0.3675925925925926 0.009375 0.03888888888888889
2 0.48282291666666666 0.6981574074074074 0.025015625 0.05928703703703704
2 0.1046875 0.6689814814814815 0.019791666666666666 0.04537037037037037
2 0.3140625 0.55 0.019791666666666666 0.037037037037037035
2 0.5723958333333333 0.42268518518518516 0.011458333333333333 0.041666666666666664
2 0.3640625 0.4351851851851852 0.009375 0.04259259259259259
2 0.24817708333333333 0.41759259259259257 0.0109375 0.040740740740740744
2 0.5520833333333334 0.44583333333333336 0.009375 0.04351851851851852
2 0.18697916666666667 0.5453703703703704 0.016666666666666666 0.05185185185185185
2 0.12161979166666666 0.6552129629629629 0.021343749999999998 0.06226851851851852
1 0.8861979166666667 0.4263888888888889 0.013020833333333334 0.04351851851851852
2 0.20234375 0.45231481481481484 0.011979166666666667 0.04537037037037037
2 0.6856770833333333 0.3638888888888889 0.009895833333333333 0.03888888888888889
2 0.49453125 0.5694444444444444 0.016145833333333335 0.05740740740740741
3 0.33507291666666666 0.5189814814814815 0.0109375 0.05092592592592592
3 0.8979166666666667 0.8333333333333334 0.016666666666666666 0.07592592592592592
2 0.22369791666666666 0.5236111111111111 0.016145833333333335 0.049074074074074076
2 0.23567708333333334 0.4300925925925926 0.011979166666666667 0.04351851851851852
2 0.5408854166666667 0.6175925925925926 0.019270833333333334 0.05925925925925926
2 0.8239583333333333 0.6143518518518518 0.014583333333333334 0.058333333333333334
2 0.41848958333333336 0.7305555555555555 0.0296875 0.05555555555555555
0 0.42719270833333334 0.7247962962962963 0.00825 0.01525
3 0.3236614583333333 0.2854259259259259 0.00696875 0.027814814814814813