3 0.4353854166666667 0.22465740740740742 0.007348958333333333 0.034499999999999996
2 0.8097604166666666 0.3215925925925926 0.009640625000000002 0.045037037037037035
2 0.8036458333333333 0.25822222222222224 0.010416666666666666 0.036814814814814814
2 0.49270833333333336 0.24259259259259258 0.007291666666666667 0.03333333333333333
2 0.81640625 0.43657407407407406 0.0109375 0.06388888888888888
2 0.8052239583333333 0.3366388888888889 0.011979166666666667 0.047101851851851846
2 0.8036458333333333 0.38564814814814813 0.010416666666666666 0.04722222222222222
2 0.7817708333333333 0.275 0.0125 0.03888888888888889
2 0.5510416666666667 0.275 0.00625 0.037037037037037035
2 0.42734375 0.31851851851851853 0.008854166666666666 0.04259259259259259
2 0.823859375 0.42824074074074076 0.014635416666666668 0.05462962962962963
2 0.6385416666666667 0.3333333333333333 0.010416666666666666 0.046296296296296294
2 0.7924479166666667 0.32083333333333336 0.008854166666666666 0.041666666666666664
3 0.6447291666666667 0.3547314814814815 0.010416666666666666 0.04722222222222222
2 0.6890625 0.34120370370370373 0.011458333333333333 0.04351851851851852
2 0.2721354166666667 0.3819444444444444 0.0171875 0.04537037037037037
2 0.4348958333333333 0.36157407407407405 0.011458333333333333 0.04537037037037037
2 0.7106770833333333 0.5986111111111111 0.018229166666666668 0.06944444444444445
3 0.9846354166666667 0.961574074074074 0.030729166666666665 0.075
1 0.19953645833333333 0.3300925925925926 0.017822916666666667 0.04722222222222222
2 0.30234375 0.37037037037037035 0.0109375 0.04814814814814815
2 0.5622395833333333 0.3962962962962963 0.0171875 0.05185185185185185
2 0.37109375 0.674537037037037 0.024479166666666666 0.06574074074074074
0 0.21034895833333334 0.3494351851851852 0.005578125000000001 0.010435185185185184
2 0.7350052083333334 0.23793518518518522 0.0095625 0.04000925925925926