2 0.23151041666666666 0.24393518518518517 0.0140625 0.041574074074074076
2 0.34322916666666664 0.17407407407407408 0.0125 0.03518518518518519
2 0.5361979166666667 0.16666666666666666 0.0109375 0.03148148148148148
1 0.1890625 0.22777777777777777 0.0125 0.03888888888888889
2 0.6450520833333333 0.1935185185185185 0.008854166666666666 0.03888888888888889
2 0.4375 0.18796296296296297 0.009375 0.040740740740740744
2 0.50625 0.3333333333333333 0.010416666666666666 0.05185185185185185
2 0.4708333333333333 0.19953703703703704 0.008333333333333333 0.041666666666666664
2 0.71875 0.19490740740740742 0.013541666666666667 0.03981481481481482
2 0.6625 0.23194444444444445 0.008333333333333333 0.04351851851851852
2 0.084375 0.3486111111111111 0.014583333333333334 0.05462962962962963
2 0.30532291666666667 0.5046296296296297 0.018973958333333332 0.06666666666666667
3 0.6143229166666667 0.2310185185185185 0.0078125 0.04537037037037037
2 0.8731770833333333 0.2898148148148148 0.011979166666666667 0.05185185185185185
2 0.7380208333333333 0.324537037037037 0.011458333333333333 0.05277777777777778
2 0.7815104166666667 0.39444444444444443 0.015104166666666667 0.05555555555555555
2 0.51484375 0.27175925925925926 0.013020833333333334 0.049074074074074076
2 0.4557291666666667 0.2972222222222222 0.0125 0.05
2 0.85234375 0.36898148148148147 0.0140625 0.06018518518518518
2 0.6989583333333333 0.30787037037037035 0.011458333333333333 0.05092592592592592
2 0.38857812500000005 0.3959722222222222 0.016734375000000003 0.05861111111111111
2 0.7020833333333333 0.5069444444444444 0.014583333333333334 0.06574074074074074
3 0.88515625 0.913425925925926 0.0234375 0.10092592592592593
0 0.22108333333333335 0.25865740740740745 0.004640625 0.009324074074074075
3 0.40155729166666665 0.12130555555555554 0.007510416666666667 0.03284259259259259