3 0.43009895833333334 0.25275000000000003 0.008437499999999999 0.03348148148148148
2 0.7908124999999999 0.38216666666666665 0.009755208333333333 0.043972222222222225
2 0.778125 0.31805555555555554 0.009375 0.03796296296296296
2 0.7169270833333333 0.2740740740740741 0.0078125 0.03518518518518519
2 0.7526041666666666 0.30787037037037035 0.009375 0.03796296296296296
2 0.7640625 0.37592592592592594 0.010416666666666666 0.040740740740740744
1 0.159375 0.37672222222222224 0.010416666666666666 0.04537037037037037
2 0.46953125 0.2972222222222222 0.0078125 0.03888888888888889
2 0.6236979166666666 0.3837962962962963 0.013020833333333334 0.049074074074074076
2 0.24479166666666666 0.47129629629629627 0.015625 0.04814814814814815
2 0.6755208333333333 0.40324074074074073 0.011458333333333333 0.04537037037037037
2 0.4356770833333333 0.3925925925925926 0.009895833333333333 0.044444444444444446
2 0.5770833333333333 0.33101851851851855 0.007291666666666667 0.03981481481481482
2 0.35071875 0.668212962962963 0.023187500000000003 0.06789814814814815
2 0.41796875 0.43425925925925923 0.009895833333333333 0.046296296296296294
2 0.19296875 0.47685185185185186 0.015104166666666667 0.053703703703703705
3 0.6169270833333333 0.42592592592592593 0.0109375 0.046296296296296294
2 0.7763020833333333 0.4634259259259259 0.011979166666666667 0.05648148148148148
2 0.18065104166666668 0.6453703703703704 0.025885416666666668 0.06111111111111111
2 0.8109375 0.5486111111111112 0.013541666666666667 0.06388888888888888
2 0.5169270833333334 0.4842592592592593 0.016145833333333335 0.05185185185185185
3 0.8861979166666667 0.9564814814814815 0.0296875 0.08703703703703704
2 0.84609375 0.5777777777777777 0.015104166666666667 0.05740740740740741
0 0.19430729166666666 0.6712592592592593 0.006848958333333334 0.012518518518518517
2 0.7942395833333333 0.39160185185185187 0.011572916666666665 0.045453703703703704