3 0.43057812500000003 0.12202777777777778 0.009755208333333333 0.03294444444444444
2 0.5520833333333334 0.1527777777777778 0.007291666666666667 0.03518518518518519
2 0.7625 0.21157407407407408 0.013541666666666667 0.04351851851851852
2 0.36226041666666664 0.18760185185185185 0.008807291666666666 0.04187962962962963
2 0.8377604166666667 0.32314814814814813 0.0140625 0.06111111111111111
2 0.24225520833333333 0.3075555555555556 0.014447916666666666 0.0502037037037037
2 0.6784479166666666 0.21335185185185185 0.009770833333333334 0.045231481481481484
2 0.48880208333333336 0.22546296296296298 0.009895833333333333 0.041666666666666664
2 0.35625 0.32731481481481484 0.019791666666666666 0.05092592592592592
2 0.47578125 0.20277777777777778 0.009895833333333333 0.040740740740740744
2 0.67421875 0.2625 0.009895833333333333 0.04722222222222222
2 0.0984375 0.44722222222222224 0.014583333333333334 0.06481481481481481
3 0.62265625 0.23657407407407408 0.011979166666666667 0.04537037037037037
2 0.89140625 0.44537037037037036 0.015104166666666667 0.06111111111111111
2 0.746875 0.33240740740740743 0.016666666666666666 0.05555555555555555
2 0.5002604166666667 0.38287037037037036 0.013020833333333334 0.05648148148148148
2 0.52421875 0.30324074074074076 0.011979166666666667 0.05092592592592592
2 0.8130208333333333 0.5023148148148148 0.013541666666666667 0.06944444444444445
2 0.2591145833333333 0.6203703703703703 0.0171875 0.07592592592592592
2 0.6736979166666667 0.3712962962962963 0.013020833333333334 0.05740740740740741
3 0.9053072916666667 0.9055277777777778 0.03521875 0.1036574074074074
2 0.43411458333333336 0.4111111111111111 0.0109375 0.05925925925925926
2 0.5880208333333333 0.5745370370370371 0.015625 0.0787037037037037
1 0.1373125 0.24211111111111114 0.013984375 0.052703703703703704
0 0.24409375000000003 0.3348425925925926 0.005760416666666667 0.011268518518518518