0 0.7453125 0.5787037037037037 0.009375 0.014814814814814815
3 0.28098958333333335 0.19166666666666668 0.0078125 0.04259259259259259
2 0.3216145833333333 0.21898148148148147 0.009895833333333333 0.05277777777777778
2 0.6065104166666667 0.2833333333333333 0.0109375 0.05555555555555555
2 0.3458333333333333 0.28202777777777777 0.026567708333333332 0.06018518518518518
2 0.6651041666666667 0.27870370370370373 0.013541666666666667 0.05740740740740741
2 0.24921875 0.2388888888888889 0.0109375 0.05185185185185185
2 0.17942708333333332 0.31851851851851853 0.018229166666666668 0.06666666666666667
2 0.9309895833333334 0.5064814814814815 0.019270833333333334 0.0962962962962963
2 0.6450520833333333 0.4736111111111111 0.0140625 0.08611111111111111
2 0.58203125 0.5851851851851851 0.0203125 0.08703703703703704
2 0.3421875 0.40925925925925927 0.019791666666666666 0.07962962962962963
2 0.33671875 0.3638888888888889 0.018229166666666668 0.07222222222222222
2 0.8421875 0.37777777777777777 0.017708333333333333 0.07037037037037037
2 0.5713541666666667 0.49027777777777776 0.020833333333333332 0.08981481481481482
2 0.15598958333333332 0.3731481481481482 0.0171875 0.07222222222222222
2 0.4859375 0.33935185185185185 0.016666666666666666 0.06759259259259259
3 0.40338541666666666 0.42685185185185187 0.021354166666666667 0.07962962962962963
2 0.6401041666666667 0.3875 0.023958333333333335 0.0712962962962963
2 0.29973958333333334 0.4148148148148148 0.016145833333333335 0.08148148148148149
2 0.09713541666666667 0.4060185185185185 0.021354166666666667 0.0824074074074074
2 0.6442708333333333 0.5828703703703704 0.03854166666666667 0.09166666666666666
2 0.19869791666666667 0.4601851851851852 0.0359375 0.08888888888888889