2 0.6901041666666666 0.425 0.011458333333333333 0.05
2 0.48802083333333335 0.3648148148148148 0.007291666666666667 0.03888888888888889
2 0.4479166666666667 0.5444444444444444 0.019791666666666666 0.06111111111111111
2 0.70078125 0.45231481481481484 0.0140625 0.04351851851851852
3 0.5578125 0.5217592592592593 0.016666666666666666 0.06388888888888888
2 0.8008229166666666 0.6573055555555556 0.022317708333333335 0.07942592592592593
2 0.71484375 0.46944444444444444 0.016145833333333335 0.05
2 0.7174322916666667 0.6460092592592593 0.040130208333333334 0.06238888888888888
2 0.2947916666666667 0.46620370370370373 0.011458333333333333 0.05648148148148148
2 0.4940104166666667 0.6754629629629629 0.019270833333333334 0.08796296296296297
2 0.590625 0.6671296296296296 0.019791666666666666 0.08055555555555556
2 0.33567708333333335 0.5768518518518518 0.0140625 0.07037037037037037
2 0.43307291666666664 0.662962962962963 0.015104166666666667 0.08703703703703704
2 0.19338020833333333 0.6622870370370371 0.018453125 0.09494444444444446
2 0.803125 0.763425925925926 0.019791666666666666 0.09722222222222222
2 0.5361979166666667 0.5925925925925926 0.019270833333333334 0.06851851851851852
2 0.7046875 0.7578703703703704 0.021875 0.08796296296296297
2 0.6098958333333333 0.6824074074074075 0.021875 0.08703703703703704
2 0.47734375 0.7023148148148148 0.019270833333333334 0.09166666666666666
2 0.4205729166666667 0.5476851851851852 0.0203125 0.0712962962962963
2 0.5 0.862037037037037 0.027083333333333334 0.10925925925925926
0 0.7965885416666667 0.6593240740740741 0.007598958333333333 0.01374074074074074
3 0.3949479166666666 0.32646296296296295 0.006625000000000001 0.03281481481481481