2 0.6682239583333334 0.31669444444444445 0.008338541666666668 0.04460185185185185
2 0.6578125 0.31296296296296294 0.007291666666666667 0.03518518518518519
2 0.721734375 0.35251851851851856 0.00596875 0.037564814814814815
2 0.6296875 0.32037037037037036 0.008333333333333333 0.037037037037037035
2 0.5359375 0.27824074074074073 0.008333333333333333 0.032407407407407406
2 0.49270833333333336 0.26481481481481484 0.011458333333333333 0.02962962962962963
2 0.678125 0.36157407407407405 0.009375 0.04722222222222222
2 0.6041666666666666 0.3236111111111111 0.010416666666666666 0.03425925925925926
2 0.3388333333333333 0.3350740740740741 0.009958333333333335 0.04282407407407408
2 0.5552083333333333 0.3435185185185185 0.010416666666666666 0.04259259259259259
3 0.033421875000000004 0.30185185185185187 0.010416666666666666 0.03888888888888889
3 0.5234375 0.3314814814814815 0.009375 0.04259259259259259
2 0.1828125 0.38796296296296295 0.011458333333333333 0.05
2 0.38385416666666666 0.4666666666666667 0.0125 0.05740740740740741
2 0.446875 0.38472222222222224 0.009375 0.04722222222222222
2 0.42239583333333336 0.46944444444444444 0.010416666666666666 0.05555555555555555
2 0.6043802083333334 0.26632407407407405 0.008276041666666668 0.03337962962962963
2 0.6119687500000001 0.26975 0.010265625 0.03161111111111111
2 0.6803020833333334 0.3509351851851852 0.010135416666666668 0.04016666666666667
1 0.7210572916666667 0.3183888888888889 0.008104166666666668 0.04315740740740741
2 0.72403125 0.34249999999999997 0.007270833333333334 0.038981481481481485
0 0.5007916666666666 0.27346296296296296 0.0037447916666666667 0.007194444444444444
2 0.33783854166666666 0.316212962962963 0.012479166666666668 0.03944444444444445