2 0.44229687500000003 0.27028703703703705 0.009593750000000002 0.0390462962962963
2 0.5221354166666666 0.2847222222222222 0.008854166666666666 0.041666666666666664
2 0.57421875 0.3 0.009895833333333333 0.04814814814814815
2 0.2994791666666667 0.32222222222222224 0.013541666666666667 0.05185185185185185
3 0.50859375 0.30092592592592593 0.0109375 0.046296296296296294
2 0.29244791666666664 0.275 0.0109375 0.046296296296296294
2 0.5395833333333333 0.34120370370370373 0.009375 0.04722222222222222
2 0.45416666666666666 0.2935185185185185 0.009375 0.05185185185185185
2 0.33984375 0.28055555555555556 0.009895833333333333 0.040740740740740744
2 0.6510416666666666 0.3435185185185185 0.008333333333333333 0.05555555555555555
2 0.6395833333333333 0.34074074074074073 0.0125 0.05555555555555555
1 0.88828125 0.3277777777777778 0.008854166666666666 0.05555555555555555
2 0.5296875 0.3907407407407407 0.014583333333333334 0.06111111111111111
2 0.184375 0.3402777777777778 0.010416666666666666 0.05648148148148148
2 0.36432291666666666 0.35694444444444445 0.011979166666666667 0.05648148148148148
2 0.47421875 0.5111111111111111 0.0171875 0.07962962962962963
2 0.5942708333333333 0.36203703703703705 0.011458333333333333 0.05925925925925926
2 0.23255208333333333 0.449537037037037 0.015104166666666667 0.0712962962962963
2 0.7067708333333333 0.4074074074074074 0.0125 0.06296296296296296
2 0.8442708333333333 0.6527777777777778 0.026041666666666668 0.09444444444444444
0 0.28940625 0.30996296296296294 0.005583333333333333 0.011805555555555555
2 0.50653125 0.28800000000000003 0.011479166666666667 0.051416666666666666
2 0.44696354166666663 0.2616018518518518 0.011026041666666668 0.038314814814814815
3 0.166375 0.26875 0.008885416666666666 0.044953703703703704