2 0.7997395833333333 0.38425925925925924 0.008854166666666666 0.03888888888888889
2 0.3567708333333333 0.3435185185185185 0.007291666666666667 0.03333333333333333
2 0.38776041666666666 0.3763888888888889 0.011979166666666667 0.03981481481481482
2 0.8286458333333333 0.44907407407407407 0.0125 0.04814814814814815
3 0.5630208333333333 0.4115740740740741 0.009375 0.04537037037037037
2 0.5028645833333333 0.387037037037037 0.008854166666666666 0.040740740740740744
2 0.6807291666666667 0.39861111111111114 0.008333333333333333 0.041666666666666664
2 0.856375 0.5117407407407407 0.014531249999999999 0.06154629629629629
2 0.5424479166666667 0.3638888888888889 0.0078125 0.03888888888888889
2 0.8046875 0.44722222222222224 0.010416666666666666 0.046296296296296294
2 0.40546875 0.48842592592592593 0.011979166666666667 0.049074074074074076
2 0.6458333333333334 0.36527777777777776 0.007291666666666667 0.03796296296296296
2 0.2046875 0.4722222222222222 0.013541666666666667 0.05185185185185185
2 0.8377604166666667 0.5171296296296296 0.018229166666666668 0.06018518518518518
2 0.6036458333333333 0.4689814814814815 0.013541666666666667 0.05277777777777778
2 0.43203125 0.4351851851851852 0.008854166666666666 0.046296296296296294
2 0.31640625 0.6347222222222222 0.0171875 0.06759259259259259
2 0.3645833333333333 0.5194444444444445 0.019791666666666666 0.05555555555555555
3 0.90703125 0.7708333333333334 0.028645833333333332 0.09351851851851851
2 0.71640625 0.575462962962963 0.013020833333333334 0.06574074074074074
2 0.63671875 0.549074074074074 0.008854166666666666 0.06481481481481481
1 0.20163020833333334 0.3828425925925926 0.010661458333333334 0.0428425925925926
0 0.208578125 0.4951018518518519 0.005036458333333333 0.009685185185185186
3 0.4355833333333334 0.2969259259259259 0.007072916666666667 0.02752777777777778
2 0.5474947916666667 0.31486111111111115 0.008333333333333333 0.03059259259259259