2 0.615625 0.4185185185185185 0.011458333333333333 0.04259259259259259
2 0.5135416666666667 0.38981481481481484 0.009375 0.040740740740740744
2 0.3067708333333333 0.38425925925925924 0.011458333333333333 0.03888888888888889
2 0.6302083333333334 0.4 0.011458333333333333 0.040740740740740744
2 0.7114583333333333 0.38101851851851853 0.007291666666666667 0.04351851851851852
3 0.50390625 0.40879629629629627 0.0109375 0.041666666666666664
1 0.15260416666666668 0.38287037037037036 0.013541666666666667 0.041666666666666664
2 0.40546875 0.4111111111111111 0.0109375 0.04259259259259259
2 0.5958333333333333 0.5138888888888888 0.011458333333333333 0.06111111111111111
2 0.77578125 0.4425925925925926 0.009895833333333333 0.05
2 0.22916666666666666 0.4648148148148148 0.009375 0.05
2 0.31484375 0.42592592592592593 0.008854166666666666 0.04814814814814815
2 0.73125 0.48009259259259257 0.010416666666666666 0.05648148148148148
2 0.7450520833333333 0.47685185185185186 0.0109375 0.05555555555555555
2 0.5453125 0.45787037037037037 0.011458333333333333 0.049074074074074076
2 0.50234375 0.4699074074074074 0.013020833333333334 0.049074074074074076
2 0.5734375 0.7273148148148149 0.020833333333333332 0.0787037037037037
2 0.22838541666666667 0.5138888888888888 0.0109375 0.05555555555555555
3 0.9605052083333334 0.7412037037037037 0.024828125 0.08611111111111111
2 0.7067708333333333 0.5736111111111111 0.017708333333333333 0.06574074074074074
2 0.3453125 0.5370370370370371 0.010416666666666666 0.053703703703703705
2 0.6338541666666667 0.7189814814814814 0.017708333333333333 0.08796296296296297
2 0.478125 0.6180555555555556 0.016666666666666666 0.06759259259259259
2 0.6049010416666667 0.5075000000000001 0.014624999999999999 0.03557407407407408
2 0.5455416666666667 0.3207407407407407 0.009364583333333334 0.03253703703703704
3 0.4107708333333333 0.2994444444444444 0.005645833333333333 0.02535185185185185
0 0.30668229166666666 0.40142592592592596 0.005083333333333333 0.007712962962962963