2 0.8380937500000001 0.4091111111111111 0.018598958333333335 0.06450925925925927
1 0.0046875 0.3337962962962963 0.009375 0.05462962962962963
2 0.42734375 0.28379629629629627 0.0140625 0.03796296296296296
2 0.8091145833333333 0.42685185185185187 0.019270833333333334 0.06481481481481481
3 0.6026041666666667 0.37777777777777777 0.020833333333333332 0.05925925925925926
2 0.41041666666666665 0.3226851851851852 0.0125 0.05277777777777778
2 0.81875 0.44212962962962965 0.020833333333333332 0.06574074074074074
2 0.38776041666666666 0.35 0.0171875 0.05555555555555555
2 0.3921875 0.38287037037037036 0.013541666666666667 0.06018518518518518
2 0.6169270833333333 0.31805555555555554 0.0109375 0.05462962962962963
2 0.6958333333333333 0.29259259259259257 0.009375 0.05
2 0.5623385416666667 0.40621296296296294 0.015942708333333333 0.062425925925925926
2 0.8201458333333334 0.3416666666666667 0.014244791666666668 0.053703703703703705
2 0.55859375 0.34444444444444444 0.015104166666666667 0.05555555555555555
2 0.18697916666666667 0.3787037037037037 0.0125 0.06111111111111111
2 0.8328125 0.3541666666666667 0.013541666666666667 0.058333333333333334
2 0.5427083333333333 0.4023148148148148 0.01875 0.06388888888888888
2 0.41510416666666666 0.37777777777777777 0.019791666666666666 0.053703703703703705
2 0.2296875 0.43287037037037035 0.025 0.062037037037037036
2 0.5447916666666667 0.5398148148148149 0.023958333333333335 0.07777777777777778
2 0.7213541666666666 0.5101851851851852 0.026041666666666668 0.07222222222222222
2 0.2872395833333333 0.35185185185185186 0.018229166666666668 0.05185185185185185
0 0.45503645833333334 0.301 0.005458333333333333 0.010722222222222222
3 0.39631249999999996 0.22271296296296297 0.011427083333333334 0.039185185185185184