2 0.4596458333333333 0.4798425925925926 0.03279166666666667 0.05864814814814815
2 0.40390625 0.300462962962963 0.0109375 0.04722222222222222
1 0.00546875 0.3300925925925926 0.0109375 0.05648148148148148
2 0.47630208333333335 0.3351851851851852 0.0140625 0.044444444444444446
2 0.7213541666666666 0.46111111111111114 0.014583333333333334 0.06666666666666667
2 0.5877604166666667 0.41203703703703703 0.013020833333333334 0.06296296296296296
2 0.7671875 0.34444444444444444 0.011458333333333333 0.05740740740740741
3 0.44427083333333334 0.41712962962962963 0.010416666666666666 0.06018518518518518
2 0.48203125 0.45601851851851855 0.0140625 0.06944444444444445
2 0.4921875 0.3509259259259259 0.017708333333333333 0.05
2 0.7950520833333333 0.3675925925925926 0.015104166666666667 0.06296296296296296
2 0.7322916666666667 0.4703703703703704 0.0125 0.07777777777777778
2 0.56640625 0.3773148148148148 0.015104166666666667 0.06018518518518518
2 0.8236979166666667 0.3787037037037037 0.015104166666666667 0.06296296296296296
2 0.23828125 0.3541666666666667 0.015104166666666667 0.058333333333333334
2 0.5015625 0.4861111111111111 0.016666666666666666 0.06296296296296296
2 0.353125 0.412962962962963 0.021875 0.05
2 0.29609375 0.5203703703703704 0.0140625 0.08148148148148149
2 0.18723958333333332 0.42407407407407405 0.016145833333333335 0.06666666666666667
2 0.10494791666666667 0.37962962962962965 0.0203125 0.06296296296296296
2 0.58359375 0.5273148148148148 0.019270833333333334 0.075
0 0.4332864583333333 0.4369074074074074 0.0060260416666666665 0.01299074074074074
2 0.4622291666666667 0.4746759259259259 0.017302083333333333 0.06305555555555555
3 0.3979427083333333 0.21781481481481482 0.011416666666666667 0.03930555555555556