3 0.4591145833333333 0.3365740740740741 0.0078125 0.03425925925925926
2 0.5002604166666667 0.4324074074074074 0.011979166666666667 0.04259259259259259
1 0.20011458333333335 0.47321296296296295 0.014187499999999999 0.045287037037037035
2 0.5494791666666666 0.47314814814814815 0.008333333333333333 0.05185185185185185
2 0.5029947916666667 0.40579629629629627 0.010135416666666668 0.04207407407407407
2 0.4518229166666667 0.4828703703703704 0.013020833333333334 0.05648148148148148
3 0.5825520833333333 0.5231481481481481 0.011979166666666667 0.05925925925925926
2 0.5432291666666667 0.4810185185185185 0.009375 0.05277777777777778
2 0.8466875 0.5637037037037037 0.013166666666666667 0.07999074074074074
2 0.4630208333333333 0.487962962962963 0.016666666666666666 0.053703703703703705
2 0.3328125 0.4356481481481482 0.011458333333333333 0.05277777777777778
2 0.20234375 0.49722222222222223 0.0109375 0.04814814814814815
2 0.5627604166666667 0.3921296296296296 0.0140625 0.04537037037037037
2 0.14609375 0.5527777777777778 0.011979166666666667 0.05925925925925926
2 0.41171875 0.5583333333333333 0.0171875 0.06111111111111111
2 0.4044270833333333 0.6643518518518519 0.0171875 0.06944444444444445
2 0.5890625 0.5472222222222223 0.015625 0.06296296296296296
2 0.3765625 0.6652777777777777 0.0125 0.06574074074074074
2 0.30416666666666664 0.44074074074074077 0.011458333333333333 0.05185185185185185
2 0.9276041666666667 0.549074074074074 0.01875 0.06481481481481481
2 0.4270833333333333 0.4981481481481482 0.015625 0.053703703703703705
2 0.7854166666666667 0.4638888888888889 0.017708333333333333 0.05
2 0.8713541666666667 0.6222222222222222 0.015625 0.06666666666666667