2 0.6651041666666667 0.5037037037037037 0.008333333333333333 0.03518518518518519
2 0.6666041666666668 0.48138888888888887 0.010296875 0.033157407407407406
2 0.42994791666666665 0.4689814814814815 0.0067708333333333336 0.028703703703703703
2 0.48671875 0.4634259259259259 0.008854166666666666 0.028703703703703703
2 0.7231770833333333 0.4587962962962963 0.0067708333333333336 0.030555555555555555
2 0.5424479166666667 0.5037037037037037 0.0067708333333333336 0.03333333333333333
1 0.09713541666666667 0.5370370370370371 0.009895833333333333 0.044444444444444446
2 0.8171875 0.5375 0.010416666666666666 0.03796296296296296
2 0.7247760416666666 0.5445185185185185 0.013994791666666668 0.03533333333333333
2 0.4083333333333333 0.5361111111111111 0.010416666666666666 0.040740740740740744
3 0.5966406249999999 0.5318425925925926 0.0067239583333333335 0.03961111111111111
2 0.68671875 0.524074074074074 0.0078125 0.03333333333333333
2 0.6510416666666666 0.5236111111111111 0.0125 0.03796296296296296
2 0.240625 0.5199074074074074 0.009375 0.03611111111111111
2 0.4791666666666667 0.6083333333333333 0.008333333333333333 0.040740740740740744
2 0.34869791666666666 0.5574074074074075 0.008854166666666666 0.040740740740740744
1 0.9197916666666667 0.5254629629629629 0.009375 0.03981481481481482
2 0.3841145833333333 0.5013888888888889 0.008854166666666666 0.03425925925925926
2 0.6838541666666667 0.5916666666666667 0.009375 0.04259259259259259
2 0.446875 0.5884259259259259 0.009375 0.04351851851851852
2 0.34817708333333336 0.6268518518518519 0.008854166666666666 0.046296296296296294
2 0.36484375 0.6995370370370371 0.0109375 0.05092592592592592
2 0.17083333333333334 0.5703703703703704 0.015625 0.04259259259259259
0 0.811328125 0.5529814814814815 0.004286458333333334 0.009805555555555555
3 0.4050572916666667 0.44123148148148145 0.006776041666666666 0.026055555555555557