2 0.6216145833333333 0.5458333333333333 0.0171875 0.049074074074074076
2 0.61796875 0.5722222222222222 0.016145833333333335 0.06111111111111111
1 0.861375 0.4265277777777778 0.013713541666666666 0.055999999999999994
2 0.61875 0.3976851851851852 0.014583333333333334 0.05648148148148148
2 0.65390625 0.44722222222222224 0.008854166666666666 0.05185185185185185
2 0.59609375 0.5564814814814815 0.0234375 0.05925925925925926
2 0.6161458333333333 0.4842592592592593 0.0125 0.05740740740740741
2 0.684375 0.43703703703703706 0.0125 0.05740740740740741
2 0.4552083333333333 0.48333333333333334 0.011458333333333333 0.05555555555555555
2 0.5135416666666667 0.5449074074074074 0.010416666666666666 0.062037037037037036
3 0.48723958333333334 0.5194444444444445 0.013020833333333334 0.06111111111111111
2 0.6604166666666667 0.5143518518518518 0.016666666666666666 0.062037037037037036
2 0.7658854166666667 0.512962962962963 0.0140625 0.06296296296296296
2 0.30494791666666665 0.4583333333333333 0.009895833333333333 0.05740740740740741
2 0.7364583333333333 0.5652777777777778 0.017708333333333333 0.06018518518518518
2 0.5606770833333333 0.42453703703703705 0.013020833333333334 0.05092592592592592
2 0.090625 0.6754629629629629 0.019791666666666666 0.08611111111111111
2 0.08776041666666666 0.7134259259259259 0.022395833333333334 0.0787037037037037
2 0.11692708333333333 0.6078703703703704 0.0140625 0.07314814814814814
2 0.6583333333333333 0.6013888888888889 0.019791666666666666 0.06574074074074074
2 0.36380208333333336 0.6148148148148148 0.016145833333333335 0.07407407407407407
2 0.5979166666666667 0.6291666666666667 0.019791666666666666 0.0712962962962963
3 0.06909375 0.33116666666666666 0.014984375 0.044083333333333335
0 0.5896406249999999 0.5827314814814815 0.007119791666666667 0.013898148148148147