1 0.8666250000000001 0.4209814814814815 0.025416666666666664 0.06174074074074075
2 0.6338541666666667 0.40555555555555556 0.015625 0.04814814814814815
2 0.6479166666666667 0.4041666666666667 0.0125 0.05277777777777778
2 0.68671875 0.44814814814814813 0.0140625 0.05925925925925926
2 0.66953125 0.4287037037037037 0.0109375 0.04814814814814815
3 0.50390625 0.5060185185185185 0.015104166666666667 0.058333333333333334
2 0.5872395833333334 0.6435185185185185 0.021354166666666667 0.06481481481481481
2 0.6265625 0.487962962962963 0.011458333333333333 0.05740740740740741
2 0.5463541666666667 0.6402777777777777 0.017708333333333333 0.06944444444444445
2 0.3109375 0.4300925925925926 0.0125 0.05277777777777778
2 0.5346354166666667 0.4773148148148148 0.0109375 0.058333333333333334
2 0.6622395833333333 0.5166666666666667 0.013020833333333334 0.06296296296296296
2 0.7364583333333333 0.6231481481481481 0.016666666666666666 0.06666666666666667
2 0.7473958333333334 0.5277777777777778 0.015625 0.05555555555555555
2 0.6018229166666667 0.5606481481481481 0.0140625 0.062037037037037036
2 0.1515625 0.5722222222222222 0.0125 0.06851851851851852
2 0.7 0.5861111111111111 0.019791666666666666 0.06481481481481481
2 0.35182291666666665 0.6416666666666667 0.011979166666666667 0.07777777777777778
2 0.16432291666666668 0.6171296296296296 0.013020833333333334 0.06574074074074074
2 0.49713541666666666 0.5541666666666667 0.018229166666666668 0.06574074074074074
2 0.6411458333333333 0.6916666666666667 0.016666666666666666 0.07777777777777778
2 0.046614583333333334 0.6717592592592593 0.0265625 0.08611111111111111
0 0.5522395833333333 0.6620925925925926 0.008317708333333333 0.011046296296296295
3 0.085328125 0.32742592592592595 0.011854166666666667 0.044833333333333336