2 0.5612812500000001 0.3743148148148148 0.017020833333333332 0.04123148148148148
3 0.53046875 0.5412037037037037 0.015104166666666667 0.06018518518518518
2 0.46197916666666666 0.43333333333333335 0.011458333333333333 0.04814814814814815
2 0.5325520833333334 0.5055555555555555 0.015104166666666667 0.04814814814814815
3 0.8635885416666667 0.9587962962962963 0.03636458333333333 0.0824074074074074
2 0.7216145833333333 0.49166666666666664 0.0140625 0.05185185185185185
1 0.10963541666666667 0.45092592592592595 0.013020833333333334 0.05185185185185185
2 0.5049479166666667 0.399537037037037 0.009895833333333333 0.04537037037037037
2 0.71796875 0.5435185185185185 0.015104166666666667 0.05925925925925926
2 0.87578125 0.5407407407407407 0.0140625 0.06296296296296296
2 0.4044270833333333 0.4837962962962963 0.016145833333333335 0.049074074074074076
2 0.6518229166666667 0.412962962962963 0.015104166666666667 0.04259259259259259
2 0.6286458333333333 0.45555555555555555 0.0125 0.04814814814814815
2 0.8893229166666666 0.5027777777777778 0.0171875 0.05555555555555555
2 0.4903645833333333 0.4222222222222222 0.0109375 0.044444444444444446
2 0.5135416666666667 0.5166666666666667 0.014583333333333334 0.05740740740740741
2 0.59921875 0.6222222222222222 0.015104166666666667 0.07037037037037037
2 0.31953125 0.5393518518518519 0.0140625 0.05462962962962963
2 0.7419270833333333 0.5930555555555556 0.015104166666666667 0.06944444444444445
2 0.2877604166666667 0.6185185185185185 0.0140625 0.06296296296296296
2 0.31015625 0.5555555555555556 0.015104166666666667 0.06296296296296296
2 0.24192708333333332 0.7032407407407407 0.016145833333333335 0.075
2 0.7046875 0.7 0.017708333333333333 0.07962962962962963
0 0.5630937500000001 0.3942777777777778 0.004822916666666666 0.00876851851851852
3 0.5580677083333333 0.34005555555555556 0.010078125 0.03834259259259259