0 0.4348958333333333 0.5425925925925926 0.005208333333333333 0.011111111111111112
3 0.40963541666666664 0.32175925925925924 0.0078125 0.032407407407407406
2 0.7802083333333333 0.48703703703703705 0.025 0.05555555555555555
2 0.6674479166666667 0.46620370370370373 0.0171875 0.028703703703703703
2 0.4083333333333333 0.49027777777777776 0.0125 0.05462962962962963
2 0.4 0.5194444444444445 0.016666666666666666 0.05
2 0.7841145833333333 0.4444444444444444 0.016145833333333335 0.046296296296296294
2 0.40182291666666664 0.4324074074074074 0.0140625 0.046296296296296294
2 0.37994791666666666 0.375 0.0171875 0.037037037037037035
2 0.7239583333333334 0.4351851851851852 0.0125 0.04814814814814815
2 0.8596354166666667 0.37962962962962965 0.0109375 0.044444444444444446
2 0.5643229166666667 0.42685185185185187 0.013020833333333334 0.046296296296296294
3 0.61953125 0.4537037037037037 0.0140625 0.046296296296296294
2 0.23536458333333332 0.48802777777777784 0.024010416666666666 0.05382407407407408
2 0.95 0.47175925925925927 0.014583333333333334 0.05277777777777778
1 0.0109375 0.4486111111111111 0.0125 0.05092592592592592
2 0.3455729166666667 0.4111111111111111 0.009895833333333333 0.04814814814814815
2 0.9630208333333333 0.49722222222222223 0.021875 0.05740740740740741
2 0.8994791666666667 0.41712962962962963 0.0125 0.049074074074074076
2 0.6609375 0.5583333333333333 0.017708333333333333 0.053703703703703705
2 0.16104687499999998 0.44010185185185186 0.012286458333333333 0.05057407407407407
2 0.7325520833333333 0.5657407407407408 0.016145833333333335 0.05925925925925926
2 0.2791666666666667 0.47453703703703703 0.010416666666666666 0.05462962962962963
2 0.47317708333333336 0.47638888888888886 0.016145833333333335 0.05462962962962963