0 0.6453125 0.4981481481481482 0.00625 0.011111111111111112
3 0.35912499999999997 0.33372222222222225 0.011411458333333334 0.03765740740740741
2 0.27870833333333334 0.39602777777777776 0.016802083333333332 0.04485185185185185
2 0.6290052083333334 0.43077777777777776 0.01576041666666667 0.04759259259259259
2 0.619359375 0.45591666666666664 0.014437499999999999 0.046120370370370374
2 0.613203125 0.48779629629629634 0.021515625 0.04780555555555556
2 0.8564791666666667 0.42039814814814813 0.021421875 0.04819444444444444
3 0.5366979166666667 0.4503055555555555 0.02340625 0.052453703703703704
2 0.27865104166666665 0.43734259259259256 0.013447916666666667 0.048629629629629634
2 0.6361875 0.4501296296296296 0.016505208333333334 0.05250925925925926
2 0.8221354166666667 0.38333333333333336 0.0140625 0.04259259259259259
2 0.07708333333333334 0.44212962962962965 0.014583333333333334 0.05092592592592592
2 0.9049479166666666 0.47638888888888886 0.011979166666666667 0.05648148148148148
2 0.88665625 0.4699074074074074 0.01914583333333333 0.049074074074074076
2 0.31604687499999995 0.4811759259259259 0.012703125000000001 0.05310185185185185
2 0.18723958333333332 0.5212962962962963 0.015104166666666667 0.05555555555555555
2 0.21458333333333332 0.46111111111111114 0.011458333333333333 0.053703703703703705
2 0.08489583333333334 0.49953703703703706 0.015625 0.05648148148148148
2 0.29248958333333336 0.4083888888888889 0.01621875 0.04990740740740741
2 0.8229739583333333 0.5677407407407407 0.023796875 0.046592592592592595
2 0.32916666666666666 0.45740740740740743 0.015625 0.05185185185185185
2 0.6805989583333333 0.5733703703703704 0.027880208333333333 0.06525
2 0.42108854166666665 0.43333333333333335 0.01719270833333333 0.046296296296296294