0 0.8223958333333333 0.6833333333333333 0.008333333333333333 0.011111111111111112
3 0.4315104166666667 0.17592592592592593 0.009895833333333333 0.03148148148148148
2 0.5046875 0.20092592592592592 0.007291666666666667 0.037037037037037035
1 0.015885416666666666 0.337037037037037 0.015104166666666667 0.046296296296296294
2 0.37552083333333336 0.2912037037037037 0.008333333333333333 0.041666666666666664
2 0.49921875 0.3300925925925926 0.0109375 0.049074074074074076
2 0.56171875 0.2671296296296296 0.0067708333333333336 0.03981481481481482
2 0.3875 0.26435185185185184 0.008333333333333333 0.04351851851851852
2 0.325 0.39490740740740743 0.008333333333333333 0.05648148148148148
2 0.3611979166666667 0.45185185185185184 0.009895833333333333 0.05925925925925926
2 0.4078125 0.36342592592592593 0.009375 0.049074074074074076
2 0.2825520833333333 0.4875 0.009895833333333333 0.062037037037037036
2 0.3143229166666667 0.43425925925925923 0.013020833333333334 0.05925925925925926
2 0.5692708333333333 0.39444444444444443 0.013541666666666667 0.05555555555555555
3 0.4036458333333333 0.45740740740740743 0.010416666666666666 0.05925925925925926
2 0.61015625 0.4199074074074074 0.011979166666666667 0.058333333333333334
2 0.76875 0.31574074074074077 0.0125 0.04814814814814815
2 0.478125 0.5050925925925925 0.010416666666666666 0.06574074074074074
2 0.30546875 0.6097222222222223 0.018229166666666668 0.06944444444444445
2 0.39010416666666664 0.5537037037037037 0.014583333333333334 0.06481481481481481
2 0.21354166666666666 0.6782407407407407 0.013541666666666667 0.08055555555555556
2 0.8302083333333333 0.6657407407407407 0.023958333333333335 0.08148148148148149
2 0.5486979166666667 0.7564814814814815 0.0171875 0.08333333333333333
2 0.5716145833333334 0.6439814814814815 0.024479166666666666 0.06388888888888888
3 0.9395833333333333 0.8324074074074074 0.028125 0.09444444444444444