2 0.41119791666666666 0.3277777777777778 0.0067708333333333336 0.03148148148148148
2 0.7046875 0.38935185185185184 0.008333333333333333 0.03611111111111111
2 0.40208333333333335 0.4351851851851852 0.008333333333333333 0.04259259259259259
2 0.2546875 0.475 0.008333333333333333 0.044444444444444446
2 0.4186666666666667 0.37877777777777777 0.006083333333333333 0.03719444444444445
1 0.8778645833333333 0.449537037037037 0.009895833333333333 0.041666666666666664
2 0.3502604166666667 0.6995370370370371 0.0140625 0.062037037037037036
2 0.2864583333333333 0.4638888888888889 0.010416666666666666 0.04259259259259259
3 0.36770833333333336 0.49212962962962964 0.009375 0.049074074074074076
2 0.2825520833333333 0.39537037037037037 0.008854166666666666 0.03888888888888889
2 0.44427083333333334 0.40925925925925927 0.009375 0.03888888888888889
2 0.6671875 0.5689814814814815 0.010416666666666666 0.05092592592592592
2 0.35208333333333336 0.5611111111111111 0.010416666666666666 0.05185185185185185
2 0.5645833333333333 0.674074074074074 0.011458333333333333 0.05555555555555555
2 0.62421875 0.45925925925925926 0.009895833333333333 0.046296296296296294
2 0.2760416666666667 0.5745370370370371 0.011458333333333333 0.05462962962962963
2 0.22135416666666666 0.5685185185185185 0.010416666666666666 0.05740740740740741
2 0.26484375 0.687037037037037 0.016145833333333335 0.06111111111111111
2 0.74140625 0.7513888888888889 0.009895833333333333 0.06759259259259259
3 0.9768229166666667 0.7458333333333333 0.0203125 0.06574074074074074
2 0.8578125 0.6083333333333333 0.0125 0.05925925925925926
2 0.5325520833333334 0.5097222222222222 0.0109375 0.04722222222222222
2 0.19088541666666667 0.6138888888888889 0.013020833333333334 0.06296296296296296
0 0.7070416666666667 0.41450000000000004 0.004505208333333333 0.007620370370370371
3 0.25665625 0.3137592592592593 0.0059375 0.02846296296296296