2 0.8203125 0.38425925925925924 0.011458333333333333 0.06481481481481481
2 0.6854166666666667 0.37916666666666665 0.008333333333333333 0.04351851851851852
2 0.8176197916666667 0.39371296296296293 0.009151041666666667 0.049055555555555554
2 0.6844270833333332 0.4176111111111111 0.011354166666666667 0.04439814814814815
2 0.78359375 0.3439814814814815 0.009895833333333333 0.03796296296296296
1 0.1484375 0.3675925925925926 0.013541666666666667 0.044444444444444446
2 0.5114583333333333 0.300462962962963 0.008333333333333333 0.03611111111111111
2 0.8192708333333333 0.5092592592592593 0.013541666666666667 0.05925925925925926
2 0.4942708333333333 0.3189814814814815 0.008333333333333333 0.03611111111111111
2 0.31536458333333334 0.3902777777777778 0.009895833333333333 0.04537037037037037
2 0.7286458333333333 0.513425925925926 0.008333333333333333 0.05277777777777778
2 0.4309895833333333 0.49027777777777776 0.013020833333333334 0.05462962962962963
3 0.9338541666666667 0.9356481481481481 0.020833333333333332 0.08796296296296297
2 0.46145833333333336 0.41944444444444445 0.015625 0.040740740740740744
2 0.7893229166666667 0.6444444444444445 0.0140625 0.07037037037037037
2 0.7760416666666666 0.5564814814814815 0.011458333333333333 0.05925925925925926
2 0.08958333333333333 0.4828703703703704 0.011458333333333333 0.05648148148148148
3 0.5674479166666667 0.3939814814814815 0.008854166666666666 0.04722222222222222
2 0.8239583333333333 0.575462962962963 0.014583333333333334 0.058333333333333334
2 0.3338541666666667 0.5013888888888889 0.010416666666666666 0.06018518518518518
2 0.465625 0.6199074074074075 0.009375 0.06388888888888888
2 0.7205729166666667 0.6902777777777778 0.018229166666666668 0.0712962962962963
2 0.4119791666666667 0.7398148148148148 0.015625 0.07777777777777778
0 0.16628125 0.3858240740740741 0.004786458333333333 0.009398148148148149
3 0.40102604166666667 0.23571296296296296 0.008239583333333333 0.033074074074074075