3 0.12552083333333333 0.2449074074074074 0.009375 0.03981481481481482
2 0.5453125 0.24675925925925926 0.011458333333333333 0.041666666666666664
2 0.29739583333333336 0.25972222222222224 0.011458333333333333 0.041666666666666664
2 0.5703333333333334 0.27749074074074076 0.010453125 0.039453703703703706
2 0.5600885416666667 0.3420648148148148 0.010875 0.0455
2 0.3216145833333333 0.2740740740740741 0.008854166666666666 0.03518518518518519
2 0.38177083333333334 0.36018518518518516 0.010416666666666666 0.046296296296296294
2 0.6200520833333333 0.29212962962962963 0.011979166666666667 0.04351851851851852
2 0.40859375 0.2902777777777778 0.009895833333333333 0.04722222222222222
2 0.3234375 0.32037037037037036 0.014583333333333334 0.040740740740740744
2 0.07265625 0.31203703703703706 0.009895833333333333 0.05
2 0.6955729166666667 0.36712962962962964 0.009895833333333333 0.05092592592592592
2 0.4669270833333333 0.29814814814814816 0.015104166666666667 0.04259259259259259
3 0.5265625 0.34120370370370373 0.011458333333333333 0.05092592592592592
2 0.29453125 0.4185185185185185 0.013020833333333334 0.06296296296296296
2 0.44505208333333335 0.5560185185185185 0.015104166666666667 0.06944444444444445
2 0.7049479166666667 0.4148148148148148 0.0140625 0.05740740740740741
2 0.6677083333333333 0.39537037037037037 0.01875 0.05740740740740741
2 0.043229166666666666 0.462037037037037 0.016666666666666666 0.06666666666666667
2 0.2950520833333333 0.6930555555555555 0.025520833333333333 0.08055555555555556
0 0.26496875000000003 0.28860185185185183 0.004973958333333334 0.009166666666666667
2 0.5582447916666666 0.3243888888888889 0.010286458333333333 0.04900925925925926
2 0.5717708333333333 0.25539814814814815 0.008119791666666666 0.03928703703703704