2 0.5492083333333333 0.37707407407407406 0.014723958333333334 0.05045370370370371
2 0.69921875 0.36157407407407405 0.008854166666666666 0.04537037037037037
2 0.7515625 0.4351851851851852 0.011458333333333333 0.05740740740740741
2 0.19140625 0.4597222222222222 0.0171875 0.05462962962962963
2 0.37005208333333334 0.3458333333333333 0.0109375 0.04537037037037037
2 0.79765625 0.4615740740740741 0.011979166666666667 0.06388888888888888
2 0.78359375 0.4875 0.015104166666666667 0.06388888888888888
2 0.6903645833333333 0.46944444444444444 0.0109375 0.05740740740740741
2 0.6997395833333333 0.5648148148148148 0.0140625 0.07037037037037037
3 0.5919270833333333 0.5189814814814815 0.013020833333333334 0.06944444444444445
2 0.4627604166666667 0.46064814814814814 0.013020833333333334 0.05462962962962963
2 0.4088541666666667 0.4393518518518518 0.016666666666666666 0.05277777777777778
2 0.6098958333333333 0.4597222222222222 0.0125 0.058333333333333334
2 0.5033854166666667 0.6018518518518519 0.013020833333333334 0.07592592592592592
2 0.19479166666666667 0.7078703703703704 0.01875 0.09537037037037037
2 0.4817708333333333 0.7814814814814814 0.027083333333333334 0.09074074074074075
2 0.4015625 0.5231481481481481 0.0125 0.06481481481481481
2 0.8466145833333333 0.6259259259259259 0.016145833333333335 0.07777777777777778
2 0.5778645833333333 0.6680555555555555 0.015104166666666667 0.08425925925925926
2 0.74765625 0.6736111111111112 0.019270833333333334 0.08425925925925926
3 0.96328125 0.8537037037037037 0.030729166666666665 0.10925925925925926
0 0.22032812499999999 0.4774259259259259 0.008229166666666668 0.012037037037037037
3 0.3401927083333333 0.2932962962962963 0.008072916666666667 0.03562037037037037
2 0.6374270833333333 0.3136203703703703 0.009229166666666667 0.037175925925925925