0 0.3768229166666667 0.611574074074074 0.005729166666666666 0.012037037037037037
2 0.44479166666666664 0.34444444444444444 0.008333333333333333 0.037037037037037035
2 0.5140625 0.3611111111111111 0.008333333333333333 0.04259259259259259
2 0.4393229166666667 0.42916666666666664 0.008854166666666666 0.04722222222222222
2 0.32864583333333336 0.3625 0.008333333333333333 0.04351851851851852
2 0.6986979166666667 0.35185185185185186 0.0078125 0.040740740740740744
2 0.7216145833333333 0.75 0.018229166666666668 0.08703703703703704
2 0.7341145833333333 0.37546296296296294 0.009895833333333333 0.04722222222222222
2 0.7091145833333333 0.4023148148148148 0.009895833333333333 0.049074074074074076
2 0.6796875 0.3662037037037037 0.009375 0.041666666666666664
2 0.5958333333333333 0.42407407407407405 0.009375 0.046296296296296294
2 0.2864583333333333 0.4199074074074074 0.010416666666666666 0.05092592592592592
2 0.6216145833333333 0.5101851851851852 0.0171875 0.05925925925925926
3 0.5731770833333333 0.41805555555555557 0.0109375 0.049074074074074076
2 0.38385416666666666 0.5458333333333333 0.014583333333333334 0.049074074074074076
2 0.7322916666666667 0.4513888888888889 0.0125 0.05462962962962963
2 0.3729166666666667 0.5800925925925926 0.029166666666666667 0.06759259259259259
2 0.5565104166666667 0.5236111111111111 0.018229166666666668 0.06018518518518518
2 0.41041666666666665 0.5009259259259259 0.011458333333333333 0.05555555555555555
2 0.61875 0.6060185185185185 0.016666666666666666 0.06574074074074074
2 0.4049479166666667 0.649074074074074 0.018229166666666668 0.07407407407407407
2 0.8072916666666666 0.6171296296296296 0.016666666666666666 0.06574074074074074
3 0.27536458333333336 0.32000925925925927 0.009557291666666667 0.03943518518518519