2 0.47421875 0.2023148148148148 0.008854166666666666 0.03981481481481482
3 0.29786979166666666 0.19774074074074074 0.011364583333333334 0.04685185185185185
2 0.28884375 0.24075 0.010244791666666668 0.048157407407407406
2 0.20572916666666666 0.3662037037037037 0.013541666666666667 0.06759259259259259
2 0.7026041666666667 0.26481481481481484 0.015625 0.05185185185185185
2 0.5494791666666666 0.25787037037037036 0.0125 0.049074074074074076
2 0.5846354166666666 0.2875 0.015104166666666667 0.05092592592592592
3 0.3691041666666666 0.3776759259259259 0.012166666666666666 0.07201851851851852
2 0.5708333333333333 0.4962962962962963 0.014583333333333334 0.08148148148148149
2 0.3807291666666667 0.28194444444444444 0.010416666666666666 0.05462962962962963
2 0.23151041666666666 0.3060185185185185 0.013020833333333334 0.058333333333333334
2 0.6236979166666666 0.30925925925925923 0.0109375 0.05925925925925926
2 0.3528645833333333 0.2537037037037037 0.016145833333333335 0.04814814814814815
2 0.25286458333333334 0.3111111111111111 0.015104166666666667 0.05740740740740741
2 0.8322916666666667 0.3773148148148148 0.016666666666666666 0.06574074074074074
2 0.5236979166666667 0.4398148148148148 0.022395833333333334 0.07592592592592592
2 0.39791666666666664 0.3425925925925926 0.017708333333333333 0.05185185185185185
2 0.3919270833333333 0.4166666666666667 0.015104166666666667 0.07222222222222222
2 0.890625 0.5449074074074074 0.019791666666666666 0.09351851851851851
2 0.13515625 0.4726851851851852 0.021354166666666667 0.08055555555555556
2 0.17526041666666667 0.5856481481481481 0.019270833333333334 0.09537037037037037
2 0.41822916666666665 0.7203703703703703 0.035416666666666666 0.10740740740740741
0 0.7410833333333334 0.32642592592592595 0.00684375 0.01337037037037037