2 0.17526041666666667 0.6287037037037037 0.018229166666666668 0.04814814814814815
2 0.18697916666666667 0.5175925925925926 0.009375 0.046296296296296294
2 0.4700520833333333 0.34120370370370373 0.0067708333333333336 0.030555555555555555
2 0.3450520833333333 0.4 0.0078125 0.040740740740740744
2 0.44427083333333334 0.42824074074074076 0.008333333333333333 0.04351851851851852
2 0.30546875 0.44166666666666665 0.008854166666666666 0.046296296296296294
2 0.33489583333333334 0.4023148148148148 0.008333333333333333 0.03796296296296296
2 0.6161458333333333 0.49583333333333335 0.009375 0.04722222222222222
2 0.32421875 0.4537037037037037 0.0109375 0.04259259259259259
2 0.6026041666666667 0.32314814814814813 0.008333333333333333 0.03518518518518519
2 0.7947916666666667 0.4263888888888889 0.009375 0.04537037037037037
2 0.6236979166666666 0.49907407407407406 0.008854166666666666 0.05555555555555555
2 0.48020833333333335 0.36203703703703705 0.008333333333333333 0.03333333333333333
3 0.44479166666666664 0.4828703703703704 0.009375 0.04722222222222222
2 0.35234375 0.6324074074074074 0.0140625 0.05740740740740741
3 0.8536458333333333 0.9518518518518518 0.026041666666666668 0.08148148148148149
2 0.3294270833333333 0.5726851851851852 0.019270833333333334 0.05462962962962963
2 0.7432291666666667 0.5902777777777778 0.015625 0.05462962962962963
2 0.8036458333333333 0.6305555555555555 0.023958333333333335 0.06111111111111111
1 0.26780208333333333 0.34551851851851856 0.009703125 0.03924074074074074
0 0.16417708333333333 0.6265277777777778 0.008994791666666667 0.009564814814814814
2 0.150546875 0.6081388888888889 0.014458333333333333 0.05462962962962963
2 0.15764583333333335 0.6030648148148148 0.016151041666666668 0.03888888888888889
2 0.16916666666666666 0.6079166666666667 0.015208333333333332 0.04406481481481482
3 0.5153697916666666 0.24560185185185185 0.006135416666666667 0.023759259259259258