2 0.4192604166666667 0.23722222222222222 0.006270833333333333 0.031546296296296295
2 0.32679687500000004 0.36347222222222225 0.010078125 0.04560185185185185
2 0.63984375 0.28055555555555556 0.0067708333333333336 0.03148148148148148
2 0.3765625 0.28564814814814815 0.009375 0.03425925925925926
3 0.9281302083333334 0.9629537037037037 0.019781249999999997 0.07410185185185185
2 0.5031770833333333 0.48247222222222225 0.0103125 0.05653703703703704
2 0.36822916666666666 0.40046296296296297 0.0125 0.041666666666666664
2 0.509375 0.3375 0.011458333333333333 0.03611111111111111
2 0.32135416666666666 0.39814814814814814 0.010416666666666666 0.05
2 0.33151041666666664 0.3921296296296296 0.011979166666666667 0.04722222222222222
1 0.10286458333333333 0.38472222222222224 0.016145833333333335 0.04722222222222222
2 0.4654635416666667 0.37676851851851856 0.013197916666666667 0.04798148148148148
2 0.43006770833333335 0.41471296296296295 0.011593750000000002 0.04794444444444444
2 0.6734375 0.42592592592592593 0.010416666666666666 0.04259259259259259
3 0.3658854166666667 0.46620370370370373 0.008854166666666666 0.05462962962962963
2 0.4309895833333333 0.4824074074074074 0.008854166666666666 0.04814814814814815
2 0.7268229166666667 0.4537037037037037 0.0171875 0.05
2 0.2765625 0.4537037037037037 0.013541666666666667 0.05
2 0.2791666666666667 0.6342592592592593 0.016666666666666666 0.06111111111111111
2 0.6583333333333333 0.5550925925925926 0.015625 0.062037037037037036
2 0.75625 0.5939814814814814 0.015625 0.06759259259259259
2 0.35234375 0.850462962962963 0.021354166666666667 0.075
0 0.7117447916666666 0.47064814814814815 0.006317708333333334 0.011398148148148149
2 0.49979687500000003 0.4499722222222223 0.013416666666666667 0.04510185185185185
3 0.4093958333333333 0.22897222222222222 0.009020833333333334 0.02849074074074074