2 0.3098958333333333 0.39490740740740743 0.009375 0.03611111111111111
2 0.5403645833333334 0.29074074074074074 0.0078125 0.02962962962962963
2 0.31614583333333335 0.4013888888888889 0.00625 0.041666666666666664
2 0.3341145833333333 0.3523148148148148 0.009895833333333333 0.032407407407407406
2 0.4466145833333333 0.30925925925925923 0.0067708333333333336 0.027777777777777776
2 0.5434895833333333 0.3282407407407407 0.005729166666666666 0.028703703703703703
2 0.6575520833333334 0.35462962962962963 0.008854166666666666 0.027777777777777776
2 0.7075520833333333 0.32546296296296295 0.009895833333333333 0.03425925925925926
2 0.4901041666666667 0.3439814814814815 0.00625 0.03611111111111111
1 0.109375 0.40694444444444444 0.013541666666666667 0.04351851851851852
2 0.4609375 0.29444444444444445 0.00625 0.03148148148148148
2 0.275 0.41574074074074074 0.008333333333333333 0.03888888888888889
2 0.53515625 0.34629629629629627 0.008854166666666666 0.037037037037037035
2 0.44479166666666664 0.38796296296296295 0.009375 0.03888888888888889
2 0.25625 0.44583333333333336 0.007291666666666667 0.03981481481481482
2 0.6755208333333333 0.5828703703703704 0.0125 0.058333333333333334
3 0.3924479166666667 0.4444444444444444 0.0078125 0.046296296296296294
2 0.67734375 0.45092592592592595 0.0140625 0.044444444444444446
2 0.8549479166666667 0.39814814814814814 0.008854166666666666 0.044444444444444446
2 0.4231770833333333 0.43796296296296294 0.009895833333333333 0.044444444444444446
2 0.32473958333333336 0.5481481481481482 0.008854166666666666 0.05
2 0.37421875 0.6263888888888889 0.015104166666666667 0.06018518518518518
3 0.39302604166666666 0.2829259259259259 0.005864583333333334 0.027462962962962963
0 0.7695677083333333 0.3784722222222222 0.005458333333333333 0.009851851851851853