2 0.5861510416666668 0.29289814814814813 0.009250000000000001 0.03138888888888889
2 0.4973958333333333 0.31666666666666665 0.008333333333333333 0.03333333333333333
2 0.44004166666666666 0.3505462962962963 0.011583333333333333 0.03998148148148148
2 0.30980208333333337 0.39244444444444443 0.011640625 0.047842592592592596
2 0.48776041666666664 0.28564814814814815 0.0078125 0.032407407407407406
2 0.37213541666666666 0.32685185185185184 0.008854166666666666 0.02962962962962963
2 0.5270833333333333 0.32546296296296295 0.010416666666666666 0.03981481481481482
2 0.3606770833333333 0.3574074074074074 0.011979166666666667 0.037037037037037035
2 0.7924479166666667 0.32037037037037036 0.0078125 0.03518518518518519
1 0.14296875 0.37962962962962965 0.0109375 0.04259259259259259
2 0.27643229166666666 0.4111388888888889 0.010682291666666668 0.040796296296296296
2 0.29401041666666666 0.37407407407407406 0.009895833333333333 0.04259259259259259
2 0.6544270833333333 0.35555555555555557 0.008854166666666666 0.037037037037037035
2 0.7580729166666667 0.43425925925925923 0.009895833333333333 0.05
3 0.4947916666666667 0.4115740740740741 0.008333333333333333 0.04537037037037037
2 0.37526041666666665 0.5018518518518519 0.009895833333333333 0.05185185185185185
2 0.7200520833333334 0.4986111111111111 0.0109375 0.05277777777777778
2 0.8744791666666667 0.40370370370370373 0.013541666666666667 0.04814814814814815
2 0.46484375 0.4115740740740741 0.009895833333333333 0.04722222222222222
2 0.590625 0.5300925925925926 0.01875 0.05092592592592592
0 0.6388541666666666 0.3038518518518519 0.0053750000000000004 0.009259259259259259
2 0.6018749999999999 0.2825740740740741 0.0123125 0.03492592592592592
2 0.5138489583333333 0.27205555555555555 0.008484374999999999 0.032388888888888884
3 0.411125 0.2629444444444445 0.008333333333333333 0.02862962962962963