2 0.4786458333333333 0.2037037037037037 0.00625 0.02962962962962963
2 0.4223385416666667 0.3705648148148148 0.021166666666666667 0.04825
2 0.42864583333333334 0.3902777777777778 0.021875 0.03981481481481482
2 0.298265625 0.4087314814814815 0.01944791666666667 0.0492037037037037
2 0.4354166666666667 0.36898148148148147 0.009375 0.05277777777777778
2 0.7309895833333333 0.26990740740740743 0.008854166666666666 0.03796296296296296
2 0.4187083333333333 0.31599999999999995 0.013500000000000002 0.03489814814814814
2 0.3958333333333333 0.2712962962962963 0.015625 0.03333333333333333
2 0.383609375 0.4094259259259259 0.021770833333333333 0.04192592592592593
2 0.31145833333333334 0.4101851851851852 0.014583333333333334 0.05
2 0.7078125 0.37175925925925923 0.011458333333333333 0.05462962962962963
2 0.6924479166666667 0.38472222222222224 0.016145833333333335 0.05092592592592592
2 0.5583333333333333 0.4597222222222222 0.010416666666666666 0.058333333333333334
2 0.47239583333333335 0.4449074074074074 0.013541666666666667 0.05462962962962963
1 0.10052083333333334 0.33935185185185185 0.015625 0.04722222222222222
2 0.28203125 0.7847222222222222 0.0265625 0.0712962962962963
3 0.42109375 0.45 0.0171875 0.05555555555555555
2 0.8432291666666667 0.5796296296296296 0.015625 0.07407407407407407
2 0.4901041666666667 0.4041666666666667 0.021875 0.05277777777777778
2 0.7549479166666667 0.5171296296296296 0.015104166666666667 0.06574074074074074
2 0.2625 0.5805555555555556 0.025 0.06666666666666667
0 0.3948802083333333 0.38175925925925924 0.005859375 0.01176851851851852
2 0.2959479166666667 0.36877777777777776 0.013395833333333333 0.048074074074074075
3 0.449703125 0.19077777777777777 0.006333333333333333 0.028685185185185185