1 0.11302083333333333 0.3736111111111111 0.011458333333333333 0.049074074074074076
2 0.3528645833333333 0.3060185185185185 0.0067708333333333336 0.030555555555555555
2 0.31640625 0.35 0.008854166666666666 0.037037037037037035
3 0.9273072916666667 0.8001203703703703 0.041213541666666666 0.10764814814814816
2 0.8052083333333333 0.36944444444444446 0.010416666666666666 0.040740740740740744
2 0.33515625 0.35185185185185186 0.009895833333333333 0.040740740740740744
2 0.78515625 0.3421296296296296 0.009895833333333333 0.03796296296296296
3 0.49714583333333334 0.36641666666666667 0.008895833333333332 0.04075925925925926
2 0.21770833333333334 0.38564814814814813 0.010416666666666666 0.04722222222222222
2 0.5033854166666667 0.29768518518518516 0.008854166666666666 0.032407407407407406
2 0.48932291666666666 0.3675925925925926 0.008854166666666666 0.04259259259259259
2 0.5364583333333334 0.31574074074074077 0.008333333333333333 0.03333333333333333
2 0.6526041666666667 0.37037037037037035 0.009375 0.04259259259259259
2 0.5471354166666667 0.43842592592592594 0.015104166666666667 0.05277777777777778
2 0.56484375 0.4425925925925926 0.011979166666666667 0.04814814814814815
2 0.16848958333333333 0.4861111111111111 0.013020833333333334 0.05
2 0.26171875 0.41574074074074074 0.0140625 0.044444444444444446
2 0.453125 0.39537037037037037 0.010416666666666666 0.044444444444444446
2 0.8677083333333333 0.39814814814814814 0.0125 0.04814814814814815
2 0.77265625 0.45694444444444443 0.0140625 0.06018518518518518
2 0.6302083333333334 0.5828703703703704 0.015625 0.06944444444444445
2 0.4861979166666667 0.6412037037037037 0.025520833333333333 0.08425925925925926
3 0.3936041666666667 0.27259259259259255 0.007859375 0.032212962962962964
2 0.32001041666666663 0.33331481481481484 0.008328125 0.04276851851851852
0 0.18268229166666666 0.5081574074074073 0.006119791666666667 0.012046296296296296