2 0.24739583333333334 0.32592592592592595 0.007291666666666667 0.040740740740740744
1 0.237671875 0.3320185185185185 0.011093750000000001 0.04049074074074074
2 0.4083333333333333 0.2851851851851852 0.008333333333333333 0.03518518518518519
2 0.27646875000000004 0.3211481481481481 0.008697916666666666 0.04416666666666667
2 0.28828125 0.3074074074074074 0.0078125 0.03888888888888889
2 0.3768229166666667 0.2972222222222222 0.008854166666666666 0.040740740740740744
2 0.4276041666666667 0.3425925925925926 0.008333333333333333 0.04259259259259259
3 0.48854166666666665 0.3212962962962963 0.008333333333333333 0.03888888888888889
2 0.2698177083333333 0.3565185185185185 0.012447916666666666 0.048231481481481486
2 0.43828125 0.3787037037037037 0.011979166666666667 0.05
2 0.8109375 0.3111111111111111 0.0125 0.037037037037037035
2 0.8822916666666667 0.32407407407407407 0.010416666666666666 0.04259259259259259
2 0.9192708333333334 0.3509259259259259 0.010416666666666666 0.04814814814814815
2 0.6651041666666667 0.33287037037037037 0.009375 0.04537037037037037
2 0.4947916666666667 0.4412037037037037 0.010416666666666666 0.049074074074074076
2 0.3296875 0.47129629629629627 0.0125 0.05740740740740741
2 0.5677083333333334 0.3712962962962963 0.0125 0.046296296296296294
3 0.9256354166666667 0.8157407407407408 0.025520833333333333 0.11481481481481481
2 0.7239583333333334 0.4078703703703704 0.01875 0.05648148148148148
3 0.403890625 0.24294444444444444 0.008906250000000001 0.031574074074074074
2 0.42546875 0.28767592592592595 0.010838541666666666 0.034944444444444445
2 0.42841145833333333 0.3230092592592593 0.010890625 0.03962037037037037